,Date,Day,Avg Temp (°F),High Temp (°F),Low Temp (°F),Precipitation,Brooklyn Bridge,Manhattan Bridge,Williamsburg Bridge,Queensboro Bridge,Total
3,4-Apr,Monday,38.6,44.1,33.1,0.47,521,1067,1440,1307,4335
8,9-Apr,Saturday,40.45,43.0,37.9,0.09,504,997,1507,1502,4510
2,3-Apr,Sunday,36.95,39.9,34.0,0.09,526,1232,1695,1306,4759
191,9-Oct,Sunday,54.5,57.9,51.1,0.55,621,1173,2045,1439,5278
204,22-Oct,Saturday,48.45,50.0,46.9,0.29,544,1254,2108,1517,5423
35,6-May,Friday,50.55,53.1,48.0,0.54,652,1453,2122,1612,5839
209,27-Oct,Thursday,47.5,54.0,41.0,1.41,651,1558,2137,1902,6248
182,30-Sep,Friday,58.0,59.0,57.0,0.4,756,1542,2422,1906,6626
65,5-Jun,Sunday,67.45,70.0,64.9,0.91,918,1593,2473,1805,6789
1,2-Apr,Saturday,51.95,55.0,48.9,0.15,827,1646,2565,1884,6922
32,3-May,Tuesday,52.55,54.0,51.1,0.61,1059,1986,2614,1741,7400
30,1-May,Sunday,47.5,50.0,45.0,0.16,2634,1525,2062,1408,7629
11,12-Apr,Tuesday,51.0,57.0,45.0,0.2,1045,2178,2762,2082,8067
121,31-Jul,Sunday,75.45,77.0,73.9,1.08,1528,1887,2799,2127,8341
171,19-Sep,Monday,70.55,72.0,69.1,0.68,1063,2260,3123,2505,8951
9,10-Apr,Sunday,39.9,48.9,30.9,0.0,1447,2387,3132,2160,9126
4,5-Apr,Tuesday,34.1,42.1,26.1,0.0,1416,2617,3081,2357,9471
6,7-Apr,Thursday,55.05,57.0,53.1,0.09,1276,2581,3282,2457,9596
183,1-Oct,Saturday,59.55,62.1,57.0,0.0,1260,2440,3590,2394,9684
203,21-Oct,Friday,67.55,69.1,66.0,1.11,1246,2566,3558,2772,10142
212,30-Oct,Sunday,66.45,75.0,57.9,0.56,1702,2971,3531,2547,10751
44,15-May,Sunday,53.6,57.2,50.0,0.0,1738,2971,3486,2696,10891
59,30-May,Monday,73.5,79.0,68.0,1.65,1719,2750,3759,2689,10917
190,8-Oct,Saturday,63.5,68.0,59.0,0.23,1584,2757,3875,2838,11054
33,4-May,Wednesday,50.0,51.1,48.9,0.01,1710,2905,3797,2693,11105
53,24-May,Tuesday,66.0,73.0,59.0,0.18,1482,3019,4260,2392,11153
37,8-May,Sunday,57.45,64.9,50.0,0.16,1916,2927,3948,2463,11254
50,21-May,Saturday,60.5,66.0,55.0,0.04,1665,2864,3978,2928,11435
0,1-Apr,Friday,72.05,78.1,66.0,0.01,1704,3126,4115,2552,11497
184,2-Oct,Sunday,60.0,63.0,57.0,0.0,1659,3157,3915,2831,11562
36,7-May,Saturday,53.4,57.9,48.9,0.0,1867,3157,3789,2749,11562
211,29-Oct,Saturday,51.0,63.0,39.0,0.0,1639,3160,4027,2920,11746
205,23-Oct,Sunday,53.5,61.0,46.0,0.0,1899,3271,4020,2707,11897
5,6-Apr,Wednesday,37.5,45.0,30.0,0.0,1885,3329,3856,2849,11919
94,4-Jul,Monday,75.45,82.9,68.0,0.49,2066,3274,3666,2998,12004
42,13-May,Friday,62.5,64.9,60.1,0.25,1780,3072,4229,3121,12202
120,30-Jul,Saturday,77.95,82.9,73.0,0.25,1944,3016,4062,3529,12551
153,1-Sep,Thursday,74.05,78.1,70.0,0.0,1608,3012,4435,3498,12553
7,8-Apr,Friday,45.5,46.9,44.1,0.01,1982,3455,4113,3194,12744
25,26-Apr,Tuesday,53.5,60.1,46.9,0.24,1997,3520,4559,2929,13005
119,29-Jul,Friday,76.0,82.9,69.1,1.09,1916,3176,4685,3413,13190
10,11-Apr,Monday,54.05,62.1,46.0,0.01,2005,3791,4334,3182,13312
135,14-Aug,Sunday,86.0,93.9,78.1,0.06,1888,5114,3562,2790,13354
210,28-Oct,Friday,45.5,46.9,44.1,0.0,2021,3872,4271,3202,13366
22,23-Apr,Saturday,65.5,70.0,61.0,0.16,2055,3276,4856,3239,13426
51,22-May,Sunday,61.099999999999994,69.1,53.1,0.09,2117,3729,4633,2956,13435
63,3-Jun,Friday,67.0,70.0,64.0,0.04,1864,3708,4961,3189,13722
142,21-Aug,Sunday,79.95,84.9,75.0,0.31,1937,4866,3920,3048,13771
99,9-Jul,Saturday,69.0,72.0,66.0,0.53,2242,3465,5167,3478,14352
198,16-Oct,Sunday,61.55,69.1,54.0,0.0,2291,4057,5001,3007,14356
113,23-Jul,Saturday,88.55,96.1,81.0,0.0,2580,3315,4764,3881,14540
134,13-Aug,Saturday,89.05,96.1,82.0,0.0,3481,3134,4226,3721,14562
114,24-Jul,Sunday,85.0,93.0,77.0,0.0,2948,3615,4517,3495,14575
93,3-Jul,Sunday,71.95,77.0,66.9,0.0,2892,3699,4804,3388,14783
28,29-Apr,Friday,51.95,57.0,46.9,0.05,2375,4178,5053,3348,14954
170,18-Sep,Sunday,76.05,81.0,71.1,0.0,2356,4066,5175,3482,15079
31,2-May,Monday,52.5,59.0,46.0,0.04,2505,4149,4864,3575,15093
115,25-Jul,Monday,83.45,93.0,73.9,1.0,2670,3707,4975,3971,15323
34,5-May,Thursday,51.95,57.0,46.9,0.0,2582,4196,4971,3619,15368
197,15-Oct,Saturday,55.45,64.9,46.0,0.0,2444,4323,5350,3418,15535
27,28-Apr,Thursday,52.95,57.9,48.0,0.0,2486,4152,5336,3657,15631
57,28-May,Saturday,81.0,90.0,72.0,0.0,2664,3998,5327,3895,15884
71,11-Jun,Saturday,75.05,87.1,63.0,0.0,2507,4086,5632,3661,15886
58,29-May,Sunday,79.5,86.0,73.0,0.0,3193,4154,4918,3635,15900
92,2-Jul,Saturday,69.95,75.0,64.9,0.0,2710,4017,5270,3973,15970
43,14-May,Saturday,66.19999999999999,71.6,60.8,0.0,2556,4042,5479,3951,16028
91,1-Jul,Friday,74.05,78.1,70.0,0.83,2399,4084,5356,4254,16093
133,12-Aug,Friday,84.45,93.0,75.9,0.32,2373,4134,5501,4341,16349
15,16-Apr,Saturday,55.5,66.0,45.0,0.0,2384,4316,5624,4051,16375
181,29-Sep,Thursday,62.05,64.0,60.1,0.0,2188,4728,5649,3828,16393
72,12-Jun,Sunday,74.45,82.0,66.9,0.0,2684,4475,5513,3855,16527
213,31-Oct,Monday,49.0,54.0,44.0,0.0,2648,4876,5440,3720,16684
23,24-Apr,Sunday,58.0,68.0,48.0,0.0,2798,4650,5335,3957,16740
176,24-Sep,Saturday,64.5,71.1,57.9,0.2,2567,4693,5674,3827,16761
127,6-Aug,Saturday,79.95,84.9,75.0,0.05,4029,3668,5172,4045,16914
208,26-Oct,Wednesday,43.95,50.0,37.9,0.0,2520,4909,5649,3870,16948
157,5-Sep,Monday,74.45,82.9,66.0,0.0,2465,6248,4904,3583,17200
128,7-Aug,Sunday,79.55,88.0,71.1,0.0,3526,4430,5364,4026,17346
29,30-Apr,Saturday,56.0,64.0,48.0,0.0,3199,4952,5675,3606,17432
86,26-Jun,Sunday,77.55,86.0,69.1,0.0,2895,4767,5834,4050,17546
14,15-Apr,Friday,54.05,64.0,44.1,0.0,2770,5072,5816,3912,17570
177,25-Sep,Sunday,61.55,69.1,54.0,0.0,2971,5013,5900,3763,17647
207,25-Oct,Tuesday,48.55,51.1,46.0,0.0,2616,5224,5760,4054,17654
100,10-Jul,Sunday,72.95,79.0,66.9,0.0,3493,4736,5495,3938,17662
149,28-Aug,Sunday,80.05,87.1,73.0,0.0,2995,5904,4969,3805,17673
21,22-Apr,Friday,70.55,78.1,63.0,0.0,2975,4907,6093,3862,17837
106,16-Jul,Saturday,83.05,89.1,77.0,0.0,5293,3663,4878,4010,17844
192,10-Oct,Monday,54.95,63.0,46.9,0.0,2838,5205,6054,3763,17860
156,4-Sep,Sunday,71.95,79.0,64.9,0.0,2871,6949,4800,3275,17895
79,19-Jun,Sunday,77.55,87.1,68.0,0.0,4135,4622,5339,4000,18096
107,17-Jul,Sunday,82.5,89.1,75.9,0.0,4597,4460,4993,4067,18117
45,16-May,Monday,56.3,66.2,46.4,0.0,2907,5254,5961,4016,18138
148,27-Aug,Saturday,81.6,88.0,75.2,0.0,2849,5401,5703,4215,18168
16,17-Apr,Sunday,59.95,73.9,46.0,0.0,3147,4969,5867,4197,18180
64,4-Jun,Saturday,74.9,82.9,66.9,0.4,3134,4840,6051,4193,18218
163,11-Sep,Sunday,78.5,82.0,75.0,0.0,2654,6433,5426,3736,18249
95,5-Jul,Tuesday,78.55,86.0,71.1,0.66,2993,4827,6156,4310,18286
13,14-Apr,Thursday,53.35,62.1,44.6,0.0,2861,5309,6030,4115,18315
68,8-Jun,Wednesday,59.0,66.0,52.0,0.45,2630,5266,6325,4094,18315
76,16-Jun,Thursday,69.0,72.0,66.0,0.22,3373,5196,6184,3633,18386
12,13-Apr,Wednesday,48.45,57.0,39.9,0.0,2840,5395,5995,4192,18422
158,6-Sep,Tuesday,75.5,79.0,72.0,0.0,2796,5121,6071,4441,18429
46,17-May,Tuesday,59.900000000000006,64.4,55.4,0.0,2812,5230,6219,4344,18605
88,28-Jun,Tuesday,72.05,75.0,69.1,0.12,3004,4813,6400,4410,18627
122,1-Aug,Monday,74.05,78.1,70.0,0.0,3031,4879,6410,4460,18780
206,24-Oct,Monday,56.05,61.0,51.1,0.0,3041,5470,6357,4030,18898
98,8-Jul,Friday,78.45,84.9,72.0,0.08,3026,4927,6289,4740,18982
196,14-Oct,Friday,54.5,61.0,48.0,0.0,2925,5477,6604,4015,19021
132,11-Aug,Thursday,85.55,91.0,80.1,0.15,2583,5088,6421,5044,19136
155,3-Sep,Saturday,70.95,73.9,68.0,0.0,2850,7357,5115,3961,19283
85,25-Jun,Saturday,75.9,84.9,66.9,0.0,3577,4835,6441,4618,19471
131,10-Aug,Wednesday,81.5,86.0,77.0,0.09,3077,4893,6641,4934,19545
169,17-Sep,Saturday,68.0,75.9,60.1,0.0,2951,5210,6727,4813,19701
146,25-Aug,Thursday,78.8,86.0,71.6,0.0,3330,2959,7724,5787,19800
140,19-Aug,Friday,81.05,87.1,75.0,0.01,3060,4700,6867,5265,19892
26,27-Apr,Wednesday,54.5,62.1,46.9,0.0,3343,5606,6577,4388,19914
147,26-Aug,Friday,83.3,89.6,77.0,0.0,2973,5296,6691,5007,19967
137,16-Aug,Tuesday,82.6,87.1,78.1,0.11,2769,5326,6944,5066,20105
185,3-Oct,Monday,66.05,71.1,61.0,0.0,3079,5729,6918,4446,20172
179,27-Sep,Tuesday,68.95,73.9,64.0,0.22,2985,5942,7063,4369,20359
112,22-Jul,Friday,84.45,93.9,75.0,0.0,3218,5178,6865,5115,20376
202,20-Oct,Thursday,66.05,70.0,62.1,0.0,2869,5588,7089,4857,20403
47,18-May,Wednesday,60.8,68.0,53.6,0.0,3309,5812,6739,4603,20463
194,12-Oct,Wednesday,58.55,64.0,53.1,0.0,2879,6040,7189,4367,20475
78,18-Jun,Saturday,75.0,86.0,64.0,0.0,4804,5077,6344,4309,20534
56,27-May,Friday,80.5,86.0,75.0,0.0,3302,5670,7054,4592,20618
195,13-Oct,Thursday,60.95,66.9,55.0,0.0,3079,6171,7144,4379,20773
97,7-Jul,Thursday,83.05,88.0,78.1,0.04,3340,5295,7049,5118,20802
161,9-Sep,Friday,85.5,90.0,81.0,0.22,3026,6060,6734,5030,20850
24,25-Apr,Monday,60.45,66.9,54.0,0.0,3463,5978,6845,4564,20850
193,11-Oct,Tuesday,54.95,63.0,46.9,0.0,3184,6201,7227,4334,20946
159,7-Sep,Wednesday,77.45,82.9,72.0,0.0,3268,4216,7988,5486,20958
164,12-Sep,Monday,70.1,78.1,62.1,0.0,3691,3445,8230,5768,21134
141,20-Aug,Saturday,76.45,82.9,70.0,0.82,4304,7005,5402,4483,21194
145,24-Aug,Wednesday,77.9,87.8,68.0,0.0,3633,3087,8395,6112,21227
152,31-Aug,Wednesday,81.5,88.0,75.0,0.0,3359,4212,7972,5853,21396
160,8-Sep,Thursday,79.55,88.0,71.1,0.0,3285,4470,8007,5782,21544
186,4-Oct,Tuesday,64.05,68.0,60.1,0.0,3133,6160,7543,4734,21570
180,28-Sep,Wednesday,64.05,68.0,60.1,0.0,3150,6225,7363,4883,21621
139,18-Aug,Thursday,78.0,84.0,72.0,0.03,3179,5658,7411,5487,21735
150,29-Aug,Monday,81.95,90.0,73.9,0.0,3355,5748,7388,5289,21780
39,10-May,Tuesday,56.6,62.1,51.1,0.0,3384,6283,7335,4796,21798
136,15-Aug,Monday,84.0,91.0,77.0,0.0,3076,7339,6513,4958,21886
48,19-May,Thursday,64.05,71.1,57.0,0.0,3474,6214,7485,4763,21936
189,7-Oct,Friday,65.45,73.9,57.0,0.0,3288,6209,7624,4826,21947
118,28-Jul,Thursday,86.55,95.0,78.1,0.0,3496,5817,7271,5404,21988
108,18-Jul,Monday,82.45,91.9,73.0,0.35,5464,5089,6580,4895,22028
143,22-Aug,Monday,73.05,77.0,69.1,0.0,3699,4973,7866,5515,22053
162,10-Sep,Saturday,82.5,90.0,75.0,0.0,5136,7072,5544,4303,22055
20,21-Apr,Thursday,60.55,71.1,50.0,0.0,3436,6452,7426,4813,22127
168,16-Sep,Friday,67.55,73.0,62.1,0.0,3428,5143,7729,5880,22180
138,17-Aug,Wednesday,80.95,84.9,77.0,0.01,3279,5942,7610,5606,22437
83,23-Jun,Thursday,75.05,81.0,69.1,0.0,3580,6204,7660,5066,22510
199,17-Oct,Monday,71.55,80.1,63.0,0.0,3465,6719,7731,4662,22577
38,9-May,Monday,63.5,72.0,55.0,0.0,3650,6591,7386,4951,22578
19,20-Apr,Wednesday,59.0,68.0,50.0,0.0,3450,6574,7639,4928,22591
154,2-Sep,Friday,73.05,80.1,66.0,0.0,3594,6657,7116,5376,22743
144,23-Aug,Tuesday,72.05,80.1,64.0,0.0,3961,4115,8766,6072,22914
116,26-Jul,Tuesday,80.55,89.1,72.0,0.0,3668,6187,7520,5606,22981
17,18-Apr,Monday,66.5,81.0,52.0,0.0,3871,6823,7432,4964,23090
151,30-Aug,Tuesday,77.0,84.0,70.0,0.0,3617,5340,8424,5927,23308
18,19-Apr,Tuesday,67.05,71.1,63.0,0.0,3501,6951,7834,5032,23318
87,27-Jun,Monday,76.0,82.9,69.1,0.45,3985,6571,7557,5315,23428
187,5-Oct,Wednesday,60.0,66.0,54.0,0.0,3410,6906,8020,5097,23433
175,23-Sep,Friday,75.0,86.0,64.0,0.01,3663,6702,8104,5074,23543
126,5-Aug,Friday,75.55,82.0,69.1,0.0,4254,6072,7500,5765,23591
69,9-Jun,Thursday,62.55,71.1,54.0,0.0,3733,6933,7913,5017,23596
73,13-Jun,Monday,65.9,73.9,57.9,0.0,3696,6952,7913,5108,23669
52,23-May,Monday,67.45,77.0,57.9,0.02,3928,6843,7769,5135,23675
70,10-Jun,Friday,66.45,75.9,57.0,0.0,3932,6697,8077,5079,23785
166,14-Sep,Wednesday,79.55,90.0,69.1,0.56,3318,6787,7982,5819,23906
49,20-May,Friday,65.0,75.0,55.0,0.0,3976,6994,7776,5221,23967
178,26-Sep,Monday,63.05,71.1,55.0,0.0,3575,7159,8006,5283,24023
129,8-Aug,Monday,79.0,86.0,72.0,0.0,4266,6362,7897,5615,24140
117,27-Jul,Wednesday,83.5,90.0,77.0,0.0,3724,6610,8015,5878,24227
105,15-Jul,Friday,83.6,87.1,80.1,0.0,6834,5236,6844,5347,24261
84,24-Jun,Friday,76.45,82.9,70.0,0.0,4283,6660,7925,5572,24440
60,31-May,Tuesday,78.45,84.9,72.0,0.0,3948,7016,7957,5556,24477
96,6-Jul,Wednesday,84.0,91.0,77.0,0.0,3942,6608,8135,5807,24492
188,6-Oct,Thursday,64.45,73.0,55.9,0.0,3580,6957,8897,5160,24594
81,21-Jun,Tuesday,79.0,86.0,72.0,0.0,3773,6851,9008,4969,24601
55,26-May,Thursday,80.1,89.1,71.1,0.0,3887,7037,8231,5451,24606
40,11-May,Wednesday,63.5,73.9,53.1,0.0,3883,7216,8231,5327,24657
172,20-Sep,Tuesday,75.55,82.0,69.1,0.0,3661,7044,8039,5961,24705
80,20-Jun,Monday,74.45,82.0,66.9,0.0,4057,7049,8297,5334,24737
90,30-Jun,Thursday,76.0,84.0,68.0,0.0,3413,7046,8374,5907,24740
41,12-May,Thursday,68.45,79.0,57.9,0.0,3960,7103,8333,5735,25131
77,17-Jun,Friday,70.95,75.9,66.0,0.0,5354,6589,8106,5179,25228
67,7-Jun,Tuesday,77.55,84.0,71.1,0.0,3956,7319,8527,5447,25249
111,21-Jul,Thursday,80.55,89.1,72.0,0.0,4057,6887,8284,6056,25284
200,18-Oct,Tuesday,73.95,81.0,66.9,0.0,4029,7594,8761,5098,25482
123,2-Aug,Tuesday,73.5,77.0,70.0,0.0,4251,6956,8389,5927,25523
201,19-Oct,Wednesday,76.55,84.0,69.1,0.0,3966,7447,8582,5625,25620
174,22-Sep,Thursday,75.45,86.0,64.9,0.0,3663,7532,8470,6098,25763
173,21-Sep,Wednesday,76.55,84.0,69.1,0.0,3613,7411,8452,6295,25771
89,29-Jun,Wednesday,75.0,82.0,68.0,0.01,4066,7142,8594,5994,25796
109,19-Jul,Tuesday,78.4,82.9,73.9,0.0,4125,6965,8548,6217,25855
101,11-Jul,Monday,73.05,80.1,66.0,0.0,4214,7230,8601,5880,25925
66,6-Jun,Monday,74.45,82.0,66.9,0.0,4280,7542,8489,5654,25965
62,2-Jun,Thursday,69.45,75.9,63.0,0.0,4161,7229,8764,5833,25987
104,14-Jul,Thursday,81.05,87.1,75.0,0.62,8264,5641,7010,5084,25999
167,15-Sep,Thursday,67.55,73.0,62.1,0.0,3665,7598,8708,6261,26232
125,4-Aug,Thursday,74.05,80.1,68.0,0.0,4465,6935,8617,6246,26263
74,14-Jun,Tuesday,69.0,79.0,59.0,0.0,4075,7751,8942,5600,26368
82,22-Jun,Wednesday,76.55,84.0,69.1,0.0,4428,7495,8788,5680,26391
75,15-Jun,Wednesday,74.45,84.0,64.9,0.0,3966,7559,9037,5840,26402
61,1-Jun,Wednesday,76.55,82.0,71.1,0.0,4126,7565,9028,5823,26542
130,9-Aug,Tuesday,79.5,86.0,73.0,0.0,4707,7113,8510,6223,26553
110,20-Jul,Wednesday,76.45,82.9,70.0,0.0,4140,7315,8751,6382,26588
124,3-Aug,Wednesday,72.5,78.1,66.9,0.0,4753,7297,8605,6295,26950
54,25-May,Wednesday,75.55,87.1,64.0,0.0,4244,7869,8959,5906,26978
103,13-Jul,Wednesday,77.95,82.9,73.0,0.0,5885,6926,8564,6204,27579
165,13-Sep,Tuesday,73.45,82.0,64.9,0.0,3783,9152,8972,6315,28222
102,12-Jul,Tuesday,76.1,82.4,69.8,0.0,5152,7745,9148,6392,28437
